epsilonField
List<scalar>
150
(
2141.3463414634
713.7821138211
428.2692682927
305.9066202091
237.9273712737
194.6678492239
164.7189493433
142.7564227642
125.9615494978
112.7024390244
101.968873403
93.1020148462
85.6538536585
79.3091237579
73.839529016
69.0756884343
64.8892830746
61.1813240418
57.874225445
54.9063164478
52.2279595479
49.7987521271
47.5854742547
45.5605604567
43.7009457442
41.9871831659
40.4027611597
38.9335698448
37.5674796748
36.2940057875
35.1040383846
33.9896244677
32.9437898687
31.9603931562
31.0340049487
30.1598076262
29.3335115269
28.5512845528
27.8096927463
27.1056498919
26.436374586
25.7993535116
25.1923098996
24.6131763387
24.0600712524
23.5312784776
23.0252294781
22.5404878049
22.075735479
21.6297610249
21.2014489254
20.7897703055
20.3937746806
20.0125826305
19.6453792795
19.2914084817
18.9499676236
18.6204029692
18.3021054826
17.9945070711
17.6970772022
17.4093198493
17.1307707317
16.8609948147
16.5995840424
16.3461552783
16.1003484321
15.8618247516
15.6302652662
15.405369363
15.1868534856
14.9744499403
14.7679058032
14.5669819147
14.3714519561
14.1811015991
13.995727722
13.8151376869
13.6391486717
13.4675870532
13.3002878352
13.1370941194
12.9778566149
12.8224331824
12.670688411
12.5224932249
12.3777245171
12.2362648084
12.0980019292
11.9628287233
11.8306427705
11.7013461282
11.574845089
11.4510499543
11.3298748226
11.2112373899
11.0950587641
10.9812632896
10.8697783831
10.7605343792
10.6534643854
10.5485041451
10.4455919096
10.3446683162
10.2456762749
10.14856086
10.0532692087
9.9597504254
9.8679554906
9.7778371756
9.6893499614
9.6024499617
9.5170948509
9.433243795
9.3508573863
9.2698975821
9.1903276458
9.1121120913
9.0352166306
8.9596081233
8.8852545289
8.812124862
8.7401891488
8.6694183865
8.5997845039
8.5312603246
8.4638195315
8.3974366332
8.3320869318
8.2677464921
8.2043921129
8.1420012983
8.0805522319
8.0200237508
7.9603953214
7.9016470165
7.8437594925
7.786713969
7.7304922074
7.6750764927
7.6204496137
7.5665948462
7.513495935
7.4611370783
7.4095029116
7.358578493
7.3083492883
7.2588011575
7.2099203416
7.1616934497
)
;