velocityField
List<vector>
150
(
(5.0119943928	0	0)
(7.0484464401	0	0)
(7.9953427183	0	0)
(8.619047352	0	0)
(9.0848984874	0	0)
(9.4568734351	0	0)
(9.7665346652	0	0)
(10.0317947656	0	0)
(10.263804494	0	0)
(10.469978842	0	0)
(10.6554993993	0	0)
(10.8241300126	0	0)
(10.9786910438	0	0)
(11.1213505347	0	0)
(11.2538110533	0	0)
(11.3774340889	0	0)
(11.4933254824	0	0)
(11.6023956775	0	0)
(11.7054032065	0	0)
(11.8029867125	0	0)
(11.8956889555	0	0)
(11.9839750951	0	0)
(12.0682468129	0	0)
(12.1488533618	0	0)
(12.2261003113	0	0)
(12.3002565413	0	0)
(12.3715598911	0	0)
(12.4402217606	0	0)
(12.5064308893	0	0)
(12.570356484	0	0)
(12.632150824	0	0)
(12.6919514466	0	0)
(12.7498829907	0	0)
(12.8060587605	0	0)
(12.8605820599	0	0)
(12.9135473356	0	0)
(12.9650411618	0	0)
(13.0151430911	0	0)
(13.0639263943	0	0)
(13.1114587047	0	0)
(13.157802582	0	0)
(13.2030160073	0	0)
(13.2471528195	0	0)
(13.2902631006	0	0)
(13.3323935172	0	0)
(13.3735876244	0	0)
(13.4138861362	0	0)
(13.4533271675	0	0)
(13.4919464505	0	0)
(13.5297775296	0	0)
(13.5668519362	0	0)
(13.6031993466	0	0)
(13.6388477248	0	0)
(13.6738234518	0	0)
(13.7081514428	0	0)
(13.7418552538	0	0)
(13.7749571787	0	0)
(13.8074783381	0	0)
(13.8394387598	0	0)
(13.8708574532	0	0)
(13.9017524773	0	0)
(13.9321410028	0	0)
(13.9620393693	0	0)
(13.9914631384	0	0)
(14.0204271424	0	0)
(14.0489455285	0	0)
(14.0770318012	0	0)
(14.1046988602	0	0)
(14.1319590358	0	0)
(14.1588241225	0	0)
(14.1853054091	0	0)
(14.2114137074	0	0)
(14.2371593788	0	0)
(14.2625523585	0	0)
(14.2876021794	0	0)
(14.3123179928	0	0)
(14.3367085886	0	0)
(14.3607824144	0	0)
(14.384547593	0	0)
(14.4080119384	0	0)
(14.4311829718	0	0)
(14.4540679358	0	0)
(14.4766738078	0	0)
(14.4990073134	0	0)
(14.5210749375	0	0)
(14.5428829366	0	0)
(14.5644373485	0	0)
(14.585744003	0	0)
(14.6068085312	0	0)
(14.6276363744	0	0)
(14.6482327922	0	0)
(14.6686028712	0	0)
(14.688751532	0	0)
(14.7086835362	0	0)
(14.7284034939	0	0)
(14.7479158692	0	0)
(14.7672249869	0	0)
(14.786335038	0	0)
(14.8052500851	0	0)
(14.8239740679	0	0)
(14.8425108077	0	0)
(14.8608640125	0	0)
(14.879037281	0	0)
(14.8970341072	0	0)
(14.9148578843	0	0)
(14.9325119085	0	0)
(14.9499993829	0	0)
(14.9673234206	0	0)
(14.9844870482	0	0)
(15.0014932091	0	0)
(15.0183447664	0	0)
(15.0350445058	0	0)
(15.0515951384	0	0)
(15.0679993033	0	0)
(15.0842595701	0	0)
(15.1003784416	0	0)
(15.1163583555	0	0)
(15.1322016873	0	0)
(15.147910752	0	0)
(15.1634878061	0	0)
(15.17893505	0	0)
(15.1942546292	0	0)
(15.2094486367	0	0)
(15.2245191144	0	0)
(15.2394680545	0	0)
(15.2542974019	0	0)
(15.2690090548	0	0)
(15.2836048668	0	0)
(15.2980866477	0	0)
(15.3124561657	0	0)
(15.3267151478	0	0)
(15.3408652817	0	0)
(15.3549082166	0	0)
(15.3688455645	0	0)
(15.3826789013	0	0)
(15.3964097681	0	0)
(15.4100396717	0	0)
(15.423570086	0	0)
(15.4370024531	0	0)
(15.4503381835	0	0)
(15.4635786579	0	0)
(15.4767252275	0	0)
(15.4897792148	0	0)
(15.5027419147	0	0)
(15.5156145952	0	0)
(15.5283984978	0	0)
(15.5410948388	0	0)
(15.5537048094	0	0)
(15.5662295769	0	0)
(15.5786702849	0	0)
)
;